41493918597881
24248372951073
79825559276765
85289421313573
65705607163804
45487615788097
17132004070361
14490209103068
61577726698395
81509278236585
53024076331560
92371151274612
75427582347375
18924788164101
61842630147606
61310824258190
24314596404365
7966033370729
86854055777837
34924172487338
96647813124639
5979340700439
14325232128977
53703374641009
64699435313473
87138049272051
81925289121048
70246886325117
8453123483345
36411766300662
65832161991300
24448193664327
28900975867226
89226365201000
89597360652099
42638919271231
17335283711062
66396239672540
93900643194195
58717480028613
63307097010134
11024661044075
72455032223422
85936466990636
94073233141519
43773320698175
70199576665650
992590074965
90561234588676
57625421422040
96791126331846
82197635339971
96474031943115
41485098881854
59976481099047
76491593100851
91433897664378
27761522796031
31636903676880
29068629649672
14398705867625
24159699014214
12617967517053
42893800252924
5555931156066
21458843426908
10109069913565
19423541956906
7833393184335
89247157029848
90805047327439
23738939818462
60732073784023
5140046476124
39961401036942
81098924164643
69688407228468
95626689970623
14488632134842
9197409997500
7781382819166
98309808685730
49972746465080
54886891490103
91359363704302
54267351782039
38754477220216
87592812492918
69824481575883
35199267935599
67481276751565
33464502609761
43836384346370
85880748317602
97491926799536
76459371735535
75649209157592
40916200866933
89396683401020
62277355009940
18076522375647
77391038229902
75222628408127
80831559356163
35272009940999
686321397324
12758780062327
51194477680185
48349757253426
73623234577875
78207833460229
39506600044535
39343432816541
79503823296284
6422954456392
69414380094143
3107820577915
53452618477873
14182156162856
94169872394455
17658490104936
93462589177821
32854999977948
78407293382076
6813798192304
8299628575558
24650677961054
17742952408212
90052416803061
45094164467820
6979160476299
94565919065056
87440638011160
936048087910
73757142423031
95128292687586
11706921989279
19826425620287
96033021225286
37874187046436
32725682027822
80195171620195
5293127923223
31725625826838
92313102497140
27597692885237
95599638713071
7815762035779
31483795743844
14128651376273
56872777012937
89973096310877
48816480321705
79587372682889
8549151307340
40465055521844
37438655613634
20068132718879
7788765338226
68131138612078
6756746506987
35648893752211
84726037845489
9811367907495
77952882272408
79915341094618
38433376753328
62462508119032
4457381771564
65926657438231
59205754608929
28027541128285
721404803932
95801540440442
34969419493956
66213462577830
61480120309523
43199770142750
39102100619
57953418589383
76652183467241
61387593059767
2341040433119
40734580934107
86675703513287
24363749545565
13328683041868
14154245409213
97852934683271
41849307492845
7617321477625
56018013925017
52987049180976
34518743008671
53993740696635
96801572082199
14435060817821
6639941737056
88904149815044
97669273163810
33034385026571
94539290993158
33426295632559
90041071118379
67028052660762
92799635285084
18412562054832
58689680770093
52622347902184
90104825921145
67528433301598
99913759183206
42217944196637
82215875183563
73025548861299
93622558989660
37004158144800
46460446448461
71821391233607
46715605928051
49086072721746
27052217749250
71629171497884
33013635314563
41802096050017
75331617853610
10140120704061
13726763460429
85537226270914
89781904257085
59861759579181
42160897871012
41398380459695
28626444545318
98069337734542
51326001994576
92626871942673
66528025563588
1033893818654
8415182756158
96921092312717
82148446101129
29063704040369
51706619694989
55602755161637
42307707343116
15067381389938
24666880452168
52381567697998
89031472121075
9094746888605
61446958919205
73423153588363
89210736100893
95264663179342
77304400971092
69740358473741
45830193207057
26687812617090
91967846206200
96878621527039
74109067356606
62217295462335
12157093421929
49260254470377
8960007828344
49041570769980
64297804838811
77496466348654
59822608268976
94630968599253
49392515490663
95137376807748
24196845230660
62167683029172
29854245792109
77718889675006
21105102703549
47867219476353
53405658242897
81226820477920
27978500846324
96436679186834
34288741067159
24970584504299
35901612749797
6596180362423
49379323262771
47293400829509
72139901714562
75097324789803
26212471028203
6765150855438
40613346172374
21625860099351
28599379513111
31007497016558
60755616963118
73077504027137
79574073260656
65394341537426
54778576666304
32528921183216
6495816023387
40029001042681
66811681882938
71851800357575
59744620136664
33066605218443
96892045827492
2645448750877
7224837817917
97860516589479
96989355250490
37615904612242
90329910844206
70066522506966
17561216479469
46620368333222
57858181507405
39057855100723
90685216852116
54913942022034
19789272685241
96241474345126
13741816903792
89776790614684
17712778863094
70361605908160
6316777790486
68174097704730
70558523889547
63138397882406
78907316283103
37490957691742
30056629545355
72313658116585
57588113177726
7615981619806
4885659860560
38993422729637
77101178699473
3446438755833
70362767171553
67606454869003
53562985808678
16514209093378
50970663081980
28193651177236
34418801294542
8420432164417
55393192450450
48398145444385
53394800354473
24572166335719
25378259315612
73148445921925
1710019248895
81838994882661
90636014122797
63495080570877
60385421403219
33404921227620
26378583307295
73648681343708
40447091327395
20445658083222
73386296800739
7740358197867
54540724016678
56425677749232
133748719325
42918577314709
32551333245823
34162203787977
33250096752815
17559778066696
66641063831128
42369767539557
63028383640146
62379924683488
64605076217902
93727433819092
76889281262936
98694344797016
62913271794864
5414015351578
22052710990865
66130013446646
28313530332242
43508919950678
1281937045901
27997479730643
37376902314586
18481366414485
35609797781371
74244825492957
92028032775135
25227157520786
2810425728255
1612566031933
21439191590258
10162853941241
66205258683302
86693870227752
99631510305564
56600111543861
40041385849006
33867052888724
60881080189206
86982104290977
88081870504496
24186362996161
68254707115772
63780239952614
70414951981059
29273640218290
70691155615836
23480885073838
26414426249421
37520367802285
53597641098559
29515021780821
98567172790944
5297554739537
50184270646378
45840480892
10111649048591
59572492338237
59311327766748
77572839916918
50071724076714
818738223929
86368105411533
11818252692313
6806479728106
80607247027676
39459211545525
50457588045710
69609126894993
17192715986774
44078008229054
4485310388530
3093444183035
34721893191806
38426049545882
22246221109030
88525988087645
11394026553393
4328315159143
51579044101521
69233722627926
26030872645138
45881146391205
8360846668332
25829321947626
89943158740730
42495335156696
69440254976803
47657759913156
92645362969775
87255353016497
8374695923644
44951786391528
56368344136334
1943571403654
85163489591509
95668709386807
78659983382736
40637148116176
46654137105754
26574345507042
92728599792014
31654013894668
34658921263451
57446930061393
80300881106668
66818327855454
25133578798032
81128471077599
69681562516797
83559583823398
65667296921372
99417905314520
29919828303389
93857795943196
20586914988509
66994969810400
3136324796155
77893468872520
31873265202198
53030512744850
25107618872826
59479581027203
72018126993540
54790679258628
46918456215186
64358305311198
34627097437707
48562072680270
8551990192821
99040907655482
65702143703489
1801388150213
27411554974310
64885814418802
75376537540777
7042685378178
91842759172133
25222992583189
51937503305140
60153196246608
35286943322577
24622999424514
92319471749003
58980459144065
58198368323636
74962211371814
70581343687360
95166013445979
88506075397057
27551634463979
86356465892584
20123720279474
60758889467972
22404889289595
2305747264324
74343707024049
72644294320055
27213979015602
99179110943721
99342454860870
63352969204907
64745386595266
64220675740726
14769486999193
5321884423167
80123272120568
83712483272916
65151178883264
28094449691761
21165383185726
27560483553350
87003225270427
16585730327834
45102356618436
19867750523377
59576196457207
79053043048630
38071691253791
66434357734286
85747905417546
21514270194544
86653362174460
62453298805171
38059598198128
4631361722026
76457954886964
35859423442083
64919337555898
4099405571186
76525026120873
53955805748390
32897551986028
87968334686985
14924994911761
4710105736869
58867946313201
89635905937125
3949544306197
58008082798256
33289469370109
5185717143275
45282185356416
41853958672089
8400199315672
84490283471590
81662884801819
36192423201591
25137510715191
64348330430988
49395678229698
12807379820902
19194929437448
14594840353754
98364691906502
5236957412658
94001457587932
19759773665884
84551883975471
2300802516315
85411673214377
81781279492434
15907133433593
30332867241151
99008301468395
49522782206185
70201101397528
14599282004172
98146016764371
76798857742577
89647919732498
60565062970519
61477168556675
70202431151925
33933015696591
15982372862578
44536979155803
75364933311615
70959019484749
31470721488959
570642583636
53021809262287
70229575174677
7786516321544
95470782035746
38058781924307
99869558892770
95891080747697
4956119448694
49539520802220
27670738159562
51198188754509
41313542436780
43357054099555
86237409057146
55719525997348
72925879496948
47304185450430
44419443959783
247074801147
37105703189079
83722714145911
13256423603358
27210043083621
66818683104663
3109244508756
45130460494558
59990625988958
51258690342587
10265229858982
30440853190426
51058958796312
5315838500904
81299501708386
20350941507635
65356007818501
42264032947346
68822299213168
62446890724704
95706115951540
2605729781145
66455367177121
20468550227616
45561393931800
96666916834343
45325018705835
59807133854133
67908210707629
55659966370416
91299250568121
59743606546865
47086679496154
46168995533367
18562513011810
5271143752063
83950617510426
71795275618478
71493725647263
87928498793249
71239973546046
55181312720899
62791747610876
54582732665855
59515863923521
16822807136426
5421611912103
5035036298788
58483656347784
57401364665492
820110572328
92464991616577
19638075842993
17576574225407
65130001013626
15887134076249
36158786512150
27428817522277
96100677462662
78570446287439
5639949172607
45564859483973
99612817824371
62188342166884
64947803217632
63166988504763
13844722093584
65798362472356
43246911416914
5227025407941
23203250585194
67729575047585
98203141907408
40094571650305
13225362278153
30751078684350
14866508460589
81346718001619
45680195414550
68567676809969
9979439285086
68139504856130
4766633566184
45224356068713
76908035585856
1385139151349
89710206883157
27860463828777
46494044740841
39299214250334
18978726327653
10946724928306
93426374846504
86385537729782
74794276746194
13862615335709
25259113459009
89708507220638
47831295727064
72142416204040
8959273471513
37422706884316
34429764989352
98665668275890
62411917969457
29820713574652
86434758830203
54176094616929
25733709929105
19653642253609
65505101251352
58833925975296
94814016561227
46911582686401
31455696519012
32247184075564
72421918511305
3005226813754
59593617925040
3331548792749
27135907972957
96012141314007
86570672475593
67667982123600
1925745819091
14834439060597
63680288412159
82147889812387
9583871570053
87751162227946
44869430418427
50754514971735
86844313827318
33387344264317
65483901274164
99405661641548
2126630047931
11031239484156
64317384081419
63565883769216
10702450803632
34810173778299
82031012286328
75382010094580
93151051364793
7459468836539
52879760886862
2026052791517
28922038488976
32762360600232
71892815877720
93932185191414
42893117369735
40756588807670
49997797876067
89813048064332
59050793859907
91798642691676
94212350079339
51777587500748
45754041060958
62209472263082
25244985651276
13801884015401
32808267720370
7258947347848
32246472804734
36601585456163
81164176188649
35675599395302
32539150938559
8448331210065
79361106640247
28941031646941
6464306482474
9429443126863
65932568408482
40146327909431
28875660675020
47127741183420
69814126151973
98555867462851
35254718634002
91313854277812
87428129938441
85912178835297
79466853546991
13835984288029
54426216858274
56517581211150
76458518710149
29655940495925
52076880374241
30953102128653
50864932883172
74014917509054
25595772454077
60943261410512
2930123035445
62543629886062
83684564012248
39271492914807
36167102249796
69052825267625
82229854688911
81832218400574
18346198289387
18133023380178
74144201078729
58263215426646
38783052905650
31603547815350
38399799922103
30796127213841
62821471164682
93628569645395
39658385421581
73637028290474
78180371002676
22582196810427
92079377329477
94919167944251
6120102079825
76677991346845
95054438974512
14392475965620
96032782201566
32713622022152
6953559499026
15027473534511
76112960037771
8927074466469
86908595564555
36797509230074
95954872618448
90506611660080
45243214190991
74908693305311
68605620066060
71561622651836
91026502608724
77572424973185
21192020629596
14592201901227
65540639417270
70923634514869
78930249413139
91116152129672
98460837194598
33259415699828
10954697608971
32035159438514
13575778826644
36126214042967
61638935910630
1098667271091
13749966761817
90733055114698
34134883477467
59850413635334
77063361291175
19769220797153
74268418576879
67120223751723
8411030285184
47642785538773
1043450070360
92726086914464
24603965960841
20680988690091
12590555763066
66810061878927
78174354067223
12214848882424
50308493340007
72060448427897
13346259287182
43840694294810
43901918589215
77849017792093
25203795404691
37799650122292
44642697354988
67424619632865
56738146837768
74133840822644
26073407024395
45927650870181
89042767558673
31645966665892
70092217822338
65766376993778
87402609514966
16091801973911
89303016030438
11241195475560
22059581341099
85157363628598
44796113728904
67783621777158
72848637576935
60129810264094
80361308638286
34842653499847
11229716758508
91649166030113
23162239846197
52542590153310
98385661878386
78240962531442
48087564458029
39640724083535
72505726344424
83844358742690
18905193924436
97579597788896
82627471295048
94964088660776
47842220915090
60436743570280
8966462337153
36339654354167
62071929316406
89906310819943
89339029776526
8437503867679
15262205760424
20921341836283
76145899166291
20953415815438
4219718396922
58150371907532
83674732117007
70344470058349
84958795205063
55164031130495
34786660366411
68764759919169
47776656670158
46682533366790
27650916928931
56341688760810
52023162784096
13360740908012
75771153842166
45556867451640
72989469430393
79501484983661
63764889128293
67362467395895
49035090809568
13806521330447
75684721815858
4056206254732
13979833803477
34783681556159
26876608649262
26540144287970
92510289913584
286178043815
46612350205055
99908032751928
70380921318337
17568963545195
21995666094313
63295793343879
25859015841529
97029641867807
91332006727441
22374072758331
